
MERGE SORT
15 22 36 44 10 3 9 13 29 25 
15 22 36 44 10 3 9 13 29 25
15 22 36 10 44 3 9 13 29 25
10 15 22 36 44 3 9 13 29 25
10 15 22 36 44 3 9 13 29 25
10 15 22 36 44 3 9 13 29 25
10 15 22 36 44 3 9 13 25 29
10 15 22 36 44 3 9 13 25 29
3 9 10 13 15 22 25 29 36 44

QUICK SORT

3 15 13 9 10 22 44 36 29 25 
3 15 13 9 10 22 44 36 29 25
3 10 13 9 15 22 44 36 29 25
3 9 10 13 15 22 44 36 29 25
3 9 10 13 15 22 44 36 29 25
3 9 10 13 15 22 44 36 29 25
3 9 10 13 15 22 25 36 29 44
3 9 10 13 15 22 25 36 29 44 
3 9 10 13 15 22 25 29 36 44
3 9 10 13 15 22 25 29 36 44
